camera_matrix:
- - 649.2129742082963
  - 0.0
  - 317.0641510092092
- - 0.0
  - 649.7983514185739
  - 237.8080736777682
- - 0.0
  - 0.0
  - 1.0
dist_coeff:
- - -0.14478873707750295
  - 0.428562498843612
  - -4.086041592464796e-05
  - -0.0043409206374196065
  - -1.8832788294731329
